-4886144848402547568
2085152239049698073
8993735698237917789
5835173869092192381
2166660324778668801
8826737944054872081
2929179857486083637
2434895480554239828
-1919850554444270338
2817508907144472402
5413144412340352251
-7373392284361352682
-2050153283337829121
-1314076017660423332
-3600864919590775073
-7402083267733346165
-203887579145264500
-1878336445785642015
-5120241836590193053
-523986083910002961
7498786173580138691
95471877780711496
6267577844234690272
-3080414103814379403
4056721591090961622
750292828684012075
3208322171289793281
-2960408583653238337
6551783828017069195
8765384101192642521
5642605621341414213
-2033491018806650009
300004702380825786
8626467750941259477
-5370466774751042431
7624457146634148986
338797940302907347
1979027181534391893
4503156563865540188
7301212700073829624
8081229534220356693
8228830116659386819
1954501118581754322
-8224500639197822891
9000490711969344344
2993638827252597568
-6796659905099638862
-6938675431762724869
-8362615226310256892
-4458066670904369636
-8188415785003841760
-8323377972928078394
-3079424700417752808
768326493134322015
-180115208852552685
8760710238638859910
5478440459204999524
4843972510426628676
-6934293962188560936
-2940679521729178495
-1466673973826266033
-5701213669792966984
-1451341937203952243
-8688648668512587282
-4230385198127394479
-7358137931072886817
6571021373392594087
47394525121928058
-3196469783611025030
-7272200284715094896
1263708609103913837
-7851481902274733369
-3400610563207664150
524371327849391060
-6217262208096925830
9002016484754919657
631561385619336791
-8520308742477338773
4881181882440815167
5086742995174568167
7546919353100050314
-7701953436696441274
6557911369345771390
-1042757713346180544
-2715311236489037342
4618850441442795278
6737723036533490640
-2008175151002147997
5719046388975290319
1314186893918425756
8577887436395266848
2208668992855041077
-4476998067166276520
-1563567838461286785
-8789981450450077906
3649272441623859343
-3363511001061987946
-7425025522695176327
-5098844638184796658
-6172694509123087682
